 0.00451601  0.18268706  0.02011244 -0.01838356 -0.05347799 0-1
 0.07082116 -0.146947   -0.03331447 -0.02286018  0.01108909 -6
 0.08267693  0.10718993  0.00715243  0.1287925  -0.06683333 11 13 
-0.03016719  0.15539405 -0.06178143 -0.02519099  0.09826446 16
-0.06186879 -0.04211384 -0.01911229  0.05450965 -0.00161928 
-0.05946684 -0.07824001  0.0079371  -0.06683333  0.00715243 25-
-0.05946684 -0.03016719 -0.07824001  0.09826446 -0.06178143 33
-0.01911229  0.0079371   0.1287925   0.05450965  0.15539405 37 39
-0.06186879 -0.04211384 -0.02519099 -0.00161928  0.06696482 
-0.02055434 -0.03455754 -0.02743273 -0.04722381  0.13222422 49
-0.05575393  0.11584485  0.05845908 -0.11642672 -0.14635818 50-51 53 54
-0.02280176  0.05994394 -0.03726552 -0.0610425  -0.06947063
-0.05439766 -0.01239225 -0.02797856  0.05433754 -0.00315647 
 0.02745122 -0.05093691 -0.05502953 -0.08068409  0.07983226
 0.1940207  -0.0670056  -0.0305534   0.00694311 -0.00874551 70
 0.00126112 -0.03641198 -0.03481501  0.02375288  0.78013569 75-79
 0.40123518  0.28251716  0.07124858 -0.0258437  -0.00489568 80 81
 0.13959875 -0.09776868 -0.04874804 -0.03743889 -0.03331252 85 -84
-0.07817794 -0.03520002 -0.08452897  0.03732156  0.03496128
 0.00176496  0.04931352  0.02651901 -0.05576043 -0.10411774 -99
-0.05121524 -0.00280508 -0.0943918  -0.16000883 -0.06010898 100--102 -103
-0.02995494  0.00840773 -0.10552846 -0.05024887 -0.00759473 -107
-0.03414701 -0.06313604  0.05283166 -0.17097007  0.05544258 -113
 0.02160674 -0.05453085 -0.04426085 -0.09313758 -0.03445581 -118
 0.06629486  0.02065371 -0.02943169 -0.04903149             -120
 1,,11,,,
 33,37,39,49,51,,
 ,70,79,80,81,,
 99,,103,107,,
 118
 
 1.19593728 -0.06471458  0.14193783  0.0783729   0.08779127
  0.09703568  0.0783729   0.08779127  0.09323897  0.07962235 -0.05333465
 -0.02712666  0.10264049  4.90256342  0.42191128  0.52459156 -0.04286959
 -0.08599973 -0.03081606 -0.11078323 -0.06442104 -0.21521932 -0.05566538
 -0.12354721 
 
 
 -1.22146946 -0.06471458 -0.19405774  0.0783729   0.08779127
  0.09703568  0.0783729   0.08779127  0.09323897  0.07962235 -0.05333465
 -0.02712666  0.10264049 -4.35694103  0.32417795 -0.14850963 -0.04286959
 -0.08599973 -0.03081606 -0.11078323 -0.06442104 -0.21521932 -0.05566538
 
 5600-5800
 6 7 9 12 17 19 20 21 22 30
 
 5900-6100
 3 11 15 16 28 29
 
 
 age 1
 workclass 2,3,4,5,6,7,8,9,10
 fnlwgt 11
 education 12,13,14,15,16, 17,18,19,20,21, 22,23,24,25,26, 27,
 education_num 28,29,30,31,32, 33,34,35,36,37, 38,39,40,41,42, 43,
                2,12, 5, 7, 4, 14, 3, 8,11,15, 13,16, 1, 6, 9, 10,
 marital_status 44,45,46,47,48, 49,50,
 occupation 51,52,53,54,55, 56,57,58,59,60, 61,62,63,64,65,
 relationship 66,67,68,69,70, 71
 race 72,73,74,75,76
 sex 77,78,
 capital_gain 79
 capital_loss 80
 hours_per_week 81
 nation 82,83,84,85,86, 87,88,89,90,91,
        92,93,94,95,96, 97,98,99,100,101,
        102,103,104,105,106, 107,108,109,110,111,
        112,113,114,115,116, 117,118,119,120,121,
        122,123



 

race_Other, 72
race_White, 73
race_Black, 74
race_Asian-Pac-Islander, 75
race_Amer-Indian-Eskimo 76

4771
 
4765
1
 
 
 
 
 
 
 
 
 
 
