epoch,acc,loss,val_acc,val_loss
0,0.250193858561,1.81782049843,0.247735191679,1.80989368668
1,0.253268671192,1.80664243248,0.250871080181,1.79717516135
2,0.276003879719,1.76320454987,0.290592334329,1.73361579541
3,0.299747817665,1.71159302168,0.319860627302,1.69225026938
4,0.328574199805,1.65779659918,0.35017421609,1.6109179211
5,0.352007759437,1.60392908008,0.36759581867,1.57377686542
6,0.385295829299,1.54082134702,0.404181184254,1.49215628378
7,0.415247332689,1.48044150115,0.430662021197,1.44779871399
8,0.446517943734,1.4263282117,0.44634146329,1.42561433714
9,0.463239573255,1.3820302438,0.473519163638,1.35968687892
